0000000000000000000000000000000
0111111101001110011010011111110
0100000100110001000011010000010
0101110100010110110001010111010
0101110100000111101001010111010
0101110100101010000110010111010
0100000100010100010001010000010
0111111101010101010101011111110
0000000001011011000100000000000
0110110100111000100001010000010
0100000011100100110100111101010
0011110111011011100101010011000
0011011010111101011001101110110
0100010111101101000011110001000
0111101001000000100010111111000
0001001100001110100010011001010
0111011000101001100111011111110
0101001100000011010100001010010
0110100010001101001011111101000
0110101100101001101110001100110
0110101011000111000011111101000
0110010111000100111111111100100
0000000001110000110011000111110
0111111100000101111111010101000
0100000100010000011101000110010
0101110101100101110011111110000
0101110101010110101100101010010
0101110100010011101010001110110
0100000101010000010110110111010
0111111101110010100101011101000
0000000000000000000000000000000
